-------------------------------------------------------------
----------------------- !PROPERTIES! ------------------------
-------------------------------------------------------------
# -----------------------------------------------------------
$ PAL_Flags
   description: The PAL Flags
   geom. index: 1
   prop. index: 1
        Diskflag:     2
# -----------------------------------------------------------
$ SCF_Energy
   description: The SCF energy
   geom. index: 1
   prop. index: 1
        SCF Energy:    -7719.2425611646
# -----------------------------------------------------------
$ DFT_Energy
   description: The DFT energy
   geom. index: 1
   prop. index: 1
   Number of Alpha Electrons                127.0001333722 
   Number of Beta  Electrons                123.0001329532 
   Total number of  Electrons               250.0002663255 
   Exchange energy                         -334.5302912614 
   Correlation energy                        -9.8481391116 
   Correlation energy NL                      0.0000000000 
   Exchange-Correlation energy             -344.3784303729 
   Embedding correction                       0.0000000000 
   Total DFT Energy (No VdW correction)   -7719.2425611646 
# -----------------------------------------------------------
$ Mayer_Pop
   description: The Mayer population analysis
   geom. index: 1
   prop. index: 1
     Number of atoms                     : 52
     Threshold for printing              : 0.1000000
     Number of bond orders printed       : 52
  NA   - Mulliken gross atomic population
  ZA   - Total nuclear charge
  QA   - Mulliken gross atomic charge
  VA   - Mayer's total valence
  BVA  - Mayer's bonded valence
  FA   - Mayer's free valence
  ATOM       NA         ZA         QA         VA         BVA        FA
  0   0    25.7164    26.0000     0.2836     6.3337     3.2873     3.0464
  1   0    35.4692    35.0000    -0.4692     0.9745     0.9628     0.0117
  2   0    35.4705    35.0000    -0.4705     0.9698     0.9570     0.0128
  3   0    14.7029    15.0000     0.2971     3.9513     3.9477     0.0036
  4   0    14.6808    15.0000     0.3192     3.8971     3.8933     0.0038
  5   0     7.1533     7.0000    -0.1533     3.0708     3.0708     0.0000
  6   0     7.3368     7.0000    -0.3368     3.0249     3.0249     0.0000
  7   0     0.7813     1.0000     0.2187     0.9541     0.9541     0.0000
  8   0     6.0443     6.0000    -0.0443     3.8286     3.8285     0.0001
  9   0     0.8920     1.0000     0.1080     0.9710     0.9710     0.0000
 10   0     6.3900     6.0000    -0.3900     3.9517     3.9517     0.0000
 11   0     0.8788     1.0000     0.1212     0.9742     0.9742     0.0000
 12   0     0.9131     1.0000     0.0869     0.9746     0.9746     0.0000
 13   0     0.8318     1.0000     0.1682     0.9995     0.9995     0.0000
 14   0     6.3794     6.0000    -0.3794     3.9095     3.9095     0.0000
 15   0     0.8759     1.0000     0.1241     0.9720     0.9720     0.0000
 16   0     0.8652     1.0000     0.1348     0.9677     0.9677     0.0000
 17   0     0.8817     1.0000     0.1183     0.9735     0.9735     0.0000
 18   0     6.1320     6.0000    -0.1320     3.9221     3.9221     0.0000
 19   0     0.9079     1.0000     0.0921     0.9577     0.9577     0.0000
 20   0     6.3357     6.0000    -0.3357     3.9101     3.9101    -0.0000
 21   0     0.8836     1.0000     0.1164     0.9704     0.9704     0.0000
 22   0     0.8519     1.0000     0.1481     1.0016     1.0016     0.0000
 23   0     0.8802     1.0000     0.1198     0.9740     0.9740     0.0000
 24   0     6.3750     6.0000    -0.3750     3.9347     3.9347     0.0000
 25   0     0.8834     1.0000     0.1166     0.9722     0.9722     0.0000
 26   0     0.8752     1.0000     0.1248     0.9687     0.9687     0.0000
 27   0     0.8341     1.0000     0.1659     0.9898     0.9898     0.0000
 28   0     6.2857     6.0000    -0.2857     3.9182     3.9182     0.0000
 29   0     0.8658     1.0000     0.1342     0.9770     0.9770     0.0000
 30   0     0.8883     1.0000     0.1117     0.9672     0.9672     0.0000
 31   0     0.8539     1.0000     0.1461     0.9630     0.9630     0.0000
 32   0     6.1178     6.0000    -0.1178     3.9456     3.9456     0.0000
 33   0     0.9035     1.0000     0.0965     0.9691     0.9691     0.0000
 34   0     6.3604     6.0000    -0.3604     3.9414     3.9414     0.0000
 35   0     0.8849     1.0000     0.1151     0.9711     0.9711     0.0000
 36   0     0.8972     1.0000     0.1028     0.9856     0.9856     0.0000
 37   0     0.8259     1.0000     0.1741     0.9886     0.9886     0.0000
 38   0     6.3524     6.0000    -0.3524     3.8827     3.8827     0.0000
 39   0     0.8735     1.0000     0.1265     0.9707     0.9707     0.0000
 40   0     0.8683     1.0000     0.1317     0.9777     0.9777     0.0000
 41   0     0.8759     1.0000     0.1241     0.9744     0.9744     0.0000
 42   0     6.0224     6.0000    -0.0224     3.8714     3.8713     0.0001
 43   0     0.9179     1.0000     0.0821     0.9685     0.9685     0.0000
 44   0     6.3753     6.0000    -0.3753     3.9176     3.9176     0.0000
 45   0     0.8851     1.0000     0.1149     0.9746     0.9746     0.0000
 46   0     0.8384     1.0000     0.1616     0.9917     0.9917     0.0000
 47   0     0.8926     1.0000     0.1074     0.9820     0.9820     0.0000
 48   0     6.3726     6.0000    -0.3726     3.9676     3.9676     0.0000
 49   0     0.8829     1.0000     0.1171     0.9694     0.9694     0.0000
 50   0     0.8834     1.0000     0.1166     0.9745     0.9745     0.0000
 51   0     0.8534     1.0000     0.1466     0.9954     0.9954     0.0000
      Bond orders larger than 0.1000000
           Atom A     A.N. of A          Atom B    A.N. of B              Bond order
                0            26               1           35                0.884310
                0            26               2           35                0.893839
                0            26               3           15                0.663645
                0            26               4           15                0.660922
                3            15               5            7                1.101134
                3            15               8            6                0.927513
                3            15              18            6                0.951658
                4            15               6            7                1.054231
                4            15              32            6                0.942406
                4            15              42            6                0.935786
                5             7               6            7                0.915110
                5             7              28            6                0.949725
                6             7               7            1                0.893915
                8             6               9            1                0.913566
                8             6              10            6                0.983097
                8             6              14            6                0.952812
               10             6              11            1                0.953028
               10             6              12            1                0.970050
               10             6              13            1                0.943993
               14             6              15            1                0.957414
               14             6              16            1                0.967292
               14             6              17            1                0.962974
               18             6              19            1                0.918565
               18             6              20            6                0.978465
               18             6              24            6                0.975247
               20             6              21            1                0.951186
               20             6              22            1                0.952056
               20             6              23            1                0.963494
               24             6              25            1                0.955406
               24             6              26            1                0.963188
               24             6              27            1                0.952751
               28             6              29            1                0.959368
               28             6              30            1                0.956733
               28             6              31            1                0.954482
               32             6              33            1                0.911951
               32             6              34            6                1.016777
               32             6              38            6                0.960203
               34             6              35            1                0.954272
               34             6              36            1                0.960661
               34             6              37            1                0.952045
               38             6              39            1                0.957253
               38             6              40            1                0.963179
               38             6              41            1                0.962812
               42             6              43            1                0.916523
               42             6              44            6                0.976011
               42             6              48            6                0.983486
               44             6              45            1                0.952953
               44             6              46            1                0.945758
               44             6              47            1                0.967542
               48             6              49            1                0.947767
               48             6              50            1                0.966435
               48             6              51            1                0.950189
# -----------------------------------------------------------
$ VdW_Correction
   description: The Van der Waals Correction
   geom. index: 1
   prop. index: 1
        Van der Waals Correction:       -0.1050184503
# -----------------------------------------------------------
$ Calculation_Info
   description: Details of the calculation
   geom. index: 1
   prop. index: 1
     Multiplicity:                          5
     Charge:                                0
     number of atoms:                       52
     number of electrons:                   0
     number of frozen core electrons:       1
     number of correlated electrons:        0
     number of basis functions:             872
     number of aux C basis functions:       0
     number of aux J basis functions:       1394
     number of aux JK basis functions:      0
     number of aux CABS basis functions:    0
     Total Energy                           -7719.347580
# -----------------------------------------------------------
$ SCF_Electric_Properties
   description: The SCF Calculated Electric Properties
   geom. index: 1
   prop. index: 1
       Filename                          : AJALIH_5_SPE.scfp 
       Do Dipole Moment Calculation      : true 
       Do Quadrupole Moment Calculation  : false 
       Do Polarizability Calculation     : false 
** Dipole moment part of electric properties **
        Magnitude of dipole moment (Debye) :        9.1457272430
        Electronic Contribution:
                  0    
      0       9.860734
      1     -76.330541
      2      21.178863
        Nuclear Contribution:
                  0    
      0     -10.410053
      1      79.847110
      2     -21.706639
        Total Dipole moment:
                  0    
      0      -0.549319
      1       3.516570
      2      -0.527776
# -------------------------------------------------------------
----------------------- !GEOMETRIES! ------------------------
# -------------------------------------------------------------
------------------------ !GEOMETRY! -------------------------
    Number of atoms:    52 
    Geometry Index:     1 
    Coordinates:
               0 Fe     0.140050000000   -0.960280000000    0.248600000000
               1 Br     0.047600000000   -2.717700000000   -1.350520000000
               2 Br     0.510980000000   -1.669250000000    2.489940000000
               3 P     -1.670450000000    0.646300000000    0.041540000000
               4 P      1.491370000000    1.004070000000   -0.306910000000
               5 N     -0.939080000000    2.010590000000   -0.662280000000
               6 N      0.405530000000    2.319970000000   -0.341540000000
               7 H      0.454330000000    2.856590000000    0.532750000000
               8 C     -2.552040000000    1.051180000000    1.622530000000
               9 H     -2.909530000000    0.060970000000    1.963460000000
              10 C     -1.544120000000    1.566080000000    2.634970000000
              11 H     -2.015750000000    1.689080000000    3.625140000000
              12 H     -1.158220000000    2.559270000000    2.336840000000
              13 H     -0.693420000000    0.874230000000    2.749060000000
              14 C     -3.727340000000    2.015250000000    1.487990000000
              15 H     -4.188470000000    2.188530000000    2.476120000000
              16 H     -4.519000000000    1.639880000000    0.819330000000
              17 H     -3.396640000000    2.996550000000    1.106530000000
              18 C     -3.006940000000    0.251470000000   -1.157040000000
              19 H     -3.732050000000    1.085180000000   -1.138590000000
              20 C     -2.445340000000    0.093840000000   -2.583960000000
              21 H     -3.266430000000   -0.159430000000   -3.276170000000
              22 H     -1.706600000000   -0.723760000000   -2.612260000000
              23 H     -1.958530000000    1.011060000000   -2.946400000000
              24 C     -3.712050000000   -1.031920000000   -0.701230000000
              25 H     -4.504410000000   -1.300550000000   -1.420330000000
              26 H     -4.184840000000   -0.928530000000    0.289440000000
              27 H     -2.994920000000   -1.869410000000   -0.658240000000
              28 C     -1.638400000000    3.167640000000   -1.223000000000
              29 H     -1.098470000000    3.521870000000   -2.117760000000
              30 H     -1.702790000000    4.007810000000   -0.502050000000
              31 H     -2.660910000000    2.886080000000   -1.511560000000
              32 C      2.683230000000    1.671700000000    0.941880000000
              33 H      2.010240000000    1.869590000000    1.799060000000
              34 C      3.700790000000    0.625350000000    1.408450000000
              35 H      4.244370000000    1.007590000000    2.289290000000
              36 H      4.448360000000    0.404400000000    0.630770000000
              37 H      3.200720000000   -0.313730000000    1.697850000000
              38 C      3.361160000000    2.981450000000    0.510650000000
              39 H      3.920040000000    3.411330000000    1.359700000000
              40 H      2.641300000000    3.737390000000    0.156150000000
              41 H      4.085320000000    2.800490000000   -0.301400000000
              42 C      2.310220000000    1.036310000000   -1.960460000000
              43 H      2.771560000000    2.032840000000   -2.076460000000
              44 C      3.355560000000   -0.074190000000   -2.025370000000
              45 H      3.751740000000   -0.156930000000   -3.052160000000
              46 H      2.901400000000   -1.046850000000   -1.766540000000
              47 H      4.211700000000    0.097570000000   -1.355270000000
              48 C      1.262930000000    0.808060000000   -3.035060000000
              49 H      1.736520000000    0.821470000000   -4.032210000000
              50 H      0.477480000000    1.580870000000   -3.022290000000
              51 H      0.779390000000   -0.173710000000   -2.899810000000
