$control
task=optimize
task=hessian
theory=dft
basis=b2n.in
$end


$molecule
 z-matrix
   6
   8    1    1.14019149
$end
 Energy =   -113.2232017136
  dipole =   0.036448 au (  0.092643 D)
$Energy
 E=-1.1322320171362e+02
 D=-3.64481223e-02 -2.12060341e-13  1.61717906e-13
 A=-1.24905734e+01
   -3.06917407e-10 -7.93182135e+00
    1.78937202e-10 -1.00119912e-11 -7.93182135e+00
 G=-7.92542675e-06 -2.44925645e-14  1.96316330e-13
    7.92542675e-06  2.44925645e-14 -1.96316330e-13
 Dx= 6.07169138e-01  4.04830135e-11 -1.94251586e-11
    -2.18863024e-11 -1.69920803e-02 -4.89992807e-11
     4.07766140e-11  6.05743505e-11 -1.69920803e-02
    -6.07169138e-01 -4.04830475e-11  1.94252124e-11
     2.18863044e-11  1.69920803e-02  4.89993709e-11
    -4.07765961e-11 -6.05744060e-11  1.69920803e-02
 H= 1.17443866e+00 -1.02218599e-11 -1.41512578e-05 -1.12355307e-11 -7.34433826e-12 -1.41512927e-05
   -1.17443866e+00  1.02218542e-11  1.12355176e-11  1.17443866e+00  1.02218584e-11  1.41512580e-05
    7.34436226e-12 -1.02218571e-11 -1.41512557e-05  1.12355216e-11  7.34433134e-12  1.41512928e-05
   -1.12355106e-11 -7.34435535e-12 -1.41512904e-05
$end
