$control
task=optimize
task=hessian
theory=dft
basis=b2n.in
$end


$molecule
 z-matrix
   6
   1    1    1.12004948
   1    1    1.12004948    2    114.165579
   8    1    1.20771820    2    122.917210    3   -180.000000
$end
 Energy =   -114.4113959649
  dipole =   0.846086 au (  2.150552 D)
$Energy
 E=-1.1441139596491e+02
 D=-8.46085754e-01  1.70663407e-08  3.73006735e-13
 A=-1.81697711e+01
    5.83956495e-08 -1.39799492e+01
   -3.77355416e-12 -6.00246961e-12 -7.78704717e+00
 G= 1.76195698e-04 -2.03530449e-09 -2.17897031e-13
   -5.96754495e-05  2.10521092e-05  1.53082710e-13
   -5.96768074e-05 -2.10514584e-05 -4.32192155e-13
   -5.68434415e-05  1.38454019e-09  4.97006225e-13
 Dx= 8.68131583e-01 -2.52140305e-09  3.89690622e-12
    -1.66740562e-10  8.57377389e-01  4.21080024e-12
     1.40988971e-12 -1.52263792e-12  1.25599275e-01
    -4.60562893e-02  1.30110763e-01  1.88440802e-12
     1.34871395e-01 -2.29145782e-01 -3.03185760e-12
     1.66634247e-12 -1.80782035e-12  8.14827058e-02
    -4.60563032e-02 -1.30110773e-01 -1.32230492e-12
    -1.34871403e-01 -2.29145766e-01 -1.37954424e-12
    -8.35284072e-13  2.60182651e-12  8.14827070e-02
    -7.76018991e-01  1.26597608e-08 -4.45893251e-12
     7.99932692e-09 -3.99085840e-01  2.00778449e-13
    -2.24092738e-12  7.28654527e-13 -2.88564688e-01
 H= 9.50120022e-01 -7.14128153e-09  5.37907085e-01 -2.66296118e-13 -4.47424577e-13  1.67705727e-01
   -9.31303416e-02  7.59536887e-02  1.04372821e-13  1.24272376e-01  7.23037121e-02 -2.18201209e-01
   -2.69811215e-14 -1.00188400e-01  2.21333824e-01  1.19550899e-13 -3.96346420e-13 -5.57769869e-02
   -2.23990406e-13  2.33429977e-13  1.85642269e-02 -9.31303511e-02 -7.59536965e-02  1.20583868e-13
    9.14838325e-03  9.90652605e-03 -1.42369480e-13  1.24272386e-01 -7.23037194e-02 -2.18201201e-01
    1.11468483e-13 -9.90652749e-03 -1.92214766e-02  9.01266552e-14  1.00188406e-01  2.21333813e-01
   -4.24609980e-13  2.22831899e-13 -5.57769864e-02  2.34506964e-13  1.23086678e-14  1.85433919e-02
    2.05025500e-14 -2.75291391e-13  1.85642269e-02 -7.63859329e-01  1.49109024e-08  4.13454415e-14
   -4.02904174e-02  1.79781621e-02  2.46812132e-13 -4.02904186e-02 -1.79781592e-02  1.69594763e-13
    8.44440165e-01  1.44397651e-08 -1.01504675e-01  3.62938634e-13  3.41412391e-02  1.60888620e-02
    7.28003392e-14 -3.41412357e-02  1.60888646e-02  4.01385047e-14 -1.78379050e-08  6.93269485e-02
    5.71327310e-13  6.20935822e-13 -5.61517535e-02 -1.14888205e-13 -2.18752246e-13  1.86693681e-02
    1.28201918e-15  7.36950641e-14  1.86693676e-02 -4.57722082e-13 -4.75878743e-13  1.88130178e-02
$end
