$control
task=optimize
task=hessian
theory=dft
basis=b2n.in
$end


$molecule
 z-matrix
   6
   1    1    1.09939421
   1    1    1.09939421    2    115.321585
  16    1    1.62820275    2    122.339208    3   -180.000000
$end
 Energy =   -437.2618830815
  dipole =   0.663291 au (  1.685931 D)
$Energy
 E=-4.3726188308150e+02
 D=-6.63291333e-01 -5.90399181e-09  4.33400453e-11
 A=-3.91456205e+01
   -9.38754336e-08 -1.84142753e+01
    3.87419193e-09 -1.72440391e-08 -1.39016069e+01
 G= 6.97061085e-05  1.08165236e-09  1.01889345e-10
   -3.57825573e-05  1.69009095e-05  4.34265293e-10
   -3.57816643e-05 -1.69013499e-05 -5.13516822e-10
    1.85811307e-06 -6.41273457e-10 -2.26378190e-11
 Dx= 4.93815026e-01  4.07357885e-10  9.10659397e-11
     1.57304706e-09  1.53854461e-01 -2.15160543e-09
     4.43942917e-10 -2.23167728e-09 -1.96680753e-01
    -6.21920888e-02  9.01771989e-02 -3.22505993e-10
     9.19013283e-02 -1.51070944e-02  5.38669012e-10
    -3.85528347e-09  9.12234944e-10  1.51429670e-01
    -6.21920865e-02 -9.01771978e-02  2.44062618e-10
    -9.19013300e-02 -1.51070995e-02  6.05260910e-10
     3.50894791e-09  6.83160639e-10  1.51429670e-01
    -3.69430850e-01 -1.52001861e-09 -1.26226507e-11
     1.58661955e-10 -1.23640267e-01  1.00767566e-09
    -9.76074360e-11  6.36281660e-10 -1.06178587e-01
 H= 5.88464800e-01 -1.62723289e-09  5.37345227e-01 -1.55747412e-11 -5.35060819e-10  1.04017462e-01
   -1.10535232e-01  1.17733465e-01  6.41991626e-12  1.23006979e-01  1.13723065e-01 -2.46730709e-01
    1.50374929e-10 -1.22946274e-01  2.53595405e-01 -5.11437248e-11  1.36341152e-10 -3.82135998e-02
    9.83958071e-11 -1.91617278e-10  1.40557808e-02 -1.10535226e-01 -1.17733461e-01 -8.13024276e-12
    8.34722028e-03  1.16023354e-02 -1.66803901e-11  1.23006972e-01 -1.13723061e-01 -2.46730716e-01
    1.85515922e-10 -1.16023348e-02 -1.59452127e-02  8.04590266e-11  1.22946270e-01  2.53595412e-01
    7.25911332e-11  1.53376412e-10 -3.82136000e-02  2.48073429e-11  8.37775729e-11  1.40289117e-02
   -1.33795049e-10 -2.33211731e-10  1.40557808e-02 -3.67394342e-01 -2.15237485e-09  1.72850698e-11
   -2.08189664e-02 -2.37912650e-03 -3.05716942e-11 -2.08189670e-02  2.37912606e-03  3.63965801e-11
    4.09032275e-01 -1.86820508e-09 -4.38838017e-02  1.99169960e-10  1.68151434e-02  9.08051658e-03
   -2.51829065e-11 -1.68151441e-02  9.08051634e-03 -3.94225391e-12  2.58753835e-09  2.57227688e-02
   -5.87267775e-12  2.45343246e-10 -2.75902620e-02 -1.29623058e-10 -4.25352280e-11  1.01289073e-02
    1.58605687e-10 -3.27632173e-11  1.01289076e-02 -2.31099593e-11 -1.70044800e-10  7.33244701e-03
$end
