$control
task=optimize
task=hessian
theory=dft
basis=b2n.in
$end


$molecule
 z-matrix
   7
   1    1    1.02889780
   1    1    1.02889316    2    103.558794
   8    1    1.47599457    2    102.340460    3    106.120347
   1    4    0.96926311    1    100.264254    2    126.335236
$end
 Energy =   -131.6161556689
  dipole =   0.238553 au (  0.606345 D)
$Energy
 E=-1.3161615566888e+02
 D=-2.26825014e-01  1.60847424e-03 -7.38596431e-02
 A=-1.77225728e+01
    4.63768237e-04 -1.14555872e+01
   -9.99976656e-02  3.84507135e-03 -1.07062289e+01
 G=-3.30671451e-05 -1.31698338e-06  1.31725880e-04
    2.65433776e-05  2.01019058e-06 -5.25879158e-05
    2.40603711e-05 -3.66948715e-06 -2.84290377e-05
   -3.40344263e-05 -1.03323545e-05 -7.56358214e-05
    1.64978227e-05  1.33086345e-05  2.49268949e-05
 Dx= 6.39830911e-02 -3.12766221e-04 -1.96013332e-03
    -2.31444827e-04 -4.94118671e-02  3.02372842e-04
     5.09137575e-02  1.64587819e-04 -2.73985901e-01
     8.23918147e-02  7.57563001e-02  2.59247176e-02
     5.84777250e-02  7.71530358e-02 -8.77905488e-02
     6.52310554e-02 -1.33997272e-01  1.78172040e-01
     8.24372143e-02 -7.57038002e-02  2.59660631e-02
    -5.83707774e-02  7.73233549e-02  8.75907706e-02
     6.53317692e-02  1.33707078e-01  1.78558547e-01
    -4.99887725e-01  4.59133056e-04 -1.16685373e-01
     2.80797695e-04 -4.30632331e-01 -6.60818663e-04
    -2.17675557e-01 -3.86292237e-04 -2.30732110e-01
     2.71277407e-01 -1.97589061e-04  6.69905880e-02
    -1.55298012e-04  3.25405408e-01  5.58600822e-04
     3.60070015e-02  5.10909677e-04  1.47807854e-01
 H= 4.12435031e-01  2.68660544e-04  5.80951780e-01 -8.58580545e-02  2.27282308e-04  2.36549433e-01
   -1.11274349e-01  1.23636046e-01  5.72003533e-02  1.37744476e-01  1.17870869e-01 -2.64765459e-01
   -9.92638100e-02 -1.30016136e-01  2.86771710e-01  8.56429647e-02 -1.52269588e-01 -8.49878008e-02
   -5.66665497e-02  1.15383647e-01  8.39655351e-02 -1.11798618e-01 -1.23946196e-01  5.71541032e-02
    1.00461285e-02  1.57479874e-02 -4.48524195e-03  1.38278567e-01 -1.18278890e-01 -2.64741253e-01
    9.89533475e-02 -1.58455552e-02 -3.05272744e-02  1.72414261e-02  1.30406859e-01  2.86686703e-01
    8.57559510e-02  1.51928300e-01 -8.46138649e-02 -4.56639279e-03 -1.73272610e-02  3.28292271e-04
   -5.66746496e-02 -1.14992399e-01  8.36613389e-02 -1.61852976e-01  1.16763148e-04 -4.80255562e-02
   -3.10364091e-02 -2.87137319e-03 -2.28915175e-02 -3.10203768e-02  2.97401697e-03 -2.28967103e-02
    4.48412568e-01  5.20850092e-05 -4.92887446e-02  7.96634854e-05  1.88556881e-02  8.63202925e-03
    2.01728235e-02 -1.88563943e-02  8.68877443e-03 -2.01206957e-02  5.48712981e-04  3.32077185e-02
   -5.19287431e-02  1.62602786e-04 -7.81792958e-02  7.59562247e-03  3.23720455e-04  1.40915567e-03
    7.59898747e-03 -3.23160828e-04  1.33942550e-03 -1.69276332e-01 -1.04457014e-03  3.93414322e-01
   -2.75071601e-02 -7.52292359e-05  1.95248485e-02 -5.48109670e-03 -7.29331234e-04 -1.59925362e-03
   -5.50699739e-03  7.41485285e-04 -1.61783613e-03 -2.24502218e-01 -6.00067930e-04  2.06014005e-01
    2.62997503e-01  8.72569099e-05 -2.16317073e-03  3.51069776e-06  3.36979691e-03 -1.08764806e-04
   -5.29592871e-04 -3.35209047e-03 -1.04711313e-04  5.13341772e-04 -7.68106470e-04 -1.23742200e-03
    8.81411922e-04  6.63143044e-04  3.61407995e-03 -3.36143892e-02 -4.86447108e-05  1.12352542e-02
   -3.56119000e-03  8.81460820e-04 -7.15937663e-04 -3.59130781e-03 -8.76900794e-04 -7.15907740e-04
    2.63088651e-01  9.12756206e-04 -3.17985816e-01 -2.22321762e-01 -8.68671327e-04  3.08182361e-01
$end
