$control
task=optimize
task=hessian
theory=dft
basis=b2n.in
$end


$molecule
 z-matrix
   7
   1    1    1.02341828
   1    1    1.02342217    2    107.047421
  16    1    1.76627025    2    106.706690    3    113.952801
   1    4    1.36325167    1     96.239510    2    122.870009
$end
 Energy =   -454.5169153865
  dipole =   0.405226 au (  1.029990 D)
$Energy
 E=-4.5451691538647e+02
 D=-4.03896022e-01  3.33449162e-04  3.28052793e-02
 A=-3.10987273e+01
    1.37533066e-03 -1.71602701e+01
   -1.54982818e+00  6.88425062e-03 -2.18418032e+01
 G= 1.57196271e-05  5.41389238e-06 -2.49405838e-06
   -5.02099898e-06 -1.80451329e-05  1.41683676e-06
   -1.38131116e-05  1.04178827e-05  2.38714620e-06
    6.29131360e-06 -3.20156409e-06 -6.34367707e-06
   -3.17683014e-06  5.41492188e-06  5.03375249e-06
 Dx=-3.25455214e-01 -8.76668305e-06 -2.38910465e-02
     1.46558714e-04 -2.01666787e-01  1.55306550e-04
    -1.72187379e-01  1.10038252e-04 -4.11546464e-01
     6.77282452e-02  4.71639574e-02 -6.57418243e-03
    -1.15182714e-02  1.36069686e-01 -7.59950562e-02
     2.93042132e-02 -8.94271191e-02  1.98477498e-01
     6.77740476e-02 -4.71082357e-02 -6.55704987e-03
     1.15672950e-02  1.35936175e-01  7.59451299e-02
     2.94004942e-02  8.93739964e-02  1.98669024e-01
     2.31899151e-01  1.16301162e-06 -3.94447106e-03
    -6.01977868e-05 -2.05189882e-01 -3.10672513e-04
    -1.29399679e-02 -2.57566315e-04  5.82181500e-02
    -4.16355801e-02 -4.85625361e-05  4.11708729e-02
    -1.35306747e-04  1.35215320e-01  2.05880186e-04
     1.26254573e-01  2.01245530e-04 -4.42147911e-02
 H= 4.34727763e-01  3.38100668e-05  6.14719328e-01 -7.34328230e-02  2.22808513e-04  1.24332584e-01
   -1.41089925e-01  1.56674230e-01  4.98727405e-02  1.52465404e-01  1.42608890e-01 -2.91006350e-01
   -8.16445297e-02 -1.54828819e-01  3.10987332e-01  7.58896707e-02 -1.21080491e-01 -4.33827491e-02
   -5.01010333e-02  9.48068142e-02  5.29994230e-02 -1.41120924e-01 -1.56745459e-01  4.97796538e-02
    1.09609916e-02  1.73773824e-02 -3.56638373e-03  1.52498402e-01 -1.42713376e-01 -2.91070372e-01
    8.14061376e-02 -1.73965176e-02 -2.59121219e-02  1.29420481e-02  1.54912429e-01  3.11033095e-01
    7.58456466e-02  1.20820418e-01 -4.32586301e-02 -3.59346004e-03 -1.29676951e-02 -2.26932845e-03
   -5.00261040e-02 -9.45523920e-02  5.28959283e-02 -1.35008193e-01  4.99578600e-05 -2.88404820e-02
   -1.81116517e-02 -3.18254230e-03 -2.38783381e-02 -1.81103976e-02  3.21860575e-03 -2.38838452e-02
    2.53796714e-01  5.82874722e-05 -2.94041050e-02  2.21568857e-05  1.37803741e-02  4.79536179e-03
    1.44335510e-02 -1.37812681e-02  4.81388590e-03 -1.43996038e-02  5.09480973e-05  2.19959675e-02
   -6.71075621e-02  5.96129522e-05 -5.23773096e-02  6.61149358e-03 -6.75458348e-04 -6.84226727e-03
    6.61066980e-03  6.79932514e-04 -6.86315525e-03 -3.93763989e-02 -2.56670912e-04  2.45862684e-01
   -1.74955183e-02 -1.25376896e-05  2.62274001e-03 -4.22788893e-03 -1.96815868e-03  1.65557921e-03
   -4.23114785e-03  1.97210562e-03  1.65725188e-03 -8.25735422e-02 -1.08342117e-04  9.32610154e-02
    1.08528113e-01  1.24219626e-05 -3.21428309e-03 -6.57096048e-06  1.77937061e-03  1.12014361e-03
   -1.09689394e-03 -1.77174974e-03  1.11987088e-03  1.09423713e-03 -1.36975695e-04 -2.19421170e-03
    1.92588687e-04  1.16932882e-04  3.16864092e-03 -1.12064078e-02 -2.23517191e-05  1.46845231e-02
   -2.78732707e-03  4.76156756e-04 -5.04505231e-04 -2.79541949e-03 -4.71014714e-04 -5.04237942e-04
    1.15985741e-01  2.00570591e-04 -1.79779579e-01 -9.91966176e-02 -1.83360977e-04  1.66103858e-01
$end
