$control
task=optimize
task=hessian
theory=dft
basis=b2n.in
$end


$molecule
 z-matrix
   8
   1    1    0.97047257
   1    1    0.97047257    2    102.987862
$end
 Energy =    -76.3711650220
  dipole =   0.763056 au (  1.939509 D)
$Energy
 E=-7.6371165022013e+01
 D= 6.40702769e-14  7.63055513e-01 -1.03163835e-12
 A=-7.83185870e+00
    9.35788201e-12 -6.22857635e+00
   -1.68986531e-12  1.87091101e-12 -3.83883743e+00
 G=-9.32503366e-13 -7.69142196e-05 -3.38556168e-13
    7.17570459e-05  3.84571102e-05  1.69925116e-13
   -7.17570450e-05  3.84571094e-05  1.68630141e-13
 Dx=-4.02505200e-01  2.17240187e-13  7.43479939e-15
     1.40819978e-12 -2.99694874e-01 -8.00451304e-12
     4.15617763e-13 -6.31250375e-12 -6.68261206e-01
     2.01252600e-01 -9.74687415e-02  5.68729410e-12
    -1.05724980e-01  1.49847437e-01  4.19564991e-12
     3.69671692e-12  3.03057317e-12  3.34130603e-01
     2.01252600e-01  9.74687415e-02 -5.69474315e-12
     1.05724980e-01  1.49847437e-01  3.80885410e-12
    -4.11233497e-12  3.28194206e-12  3.34130603e-01
 H= 6.41452033e-01 -8.76524164e-13  4.46954680e-01  6.44130491e-14  2.63307293e-12  3.29979944e-05
   -3.20726016e-01 -1.94117324e-01 -1.77592963e-12  3.53890318e-01 -2.55098735e-01 -2.23477340e-01
   -1.37357932e-12  2.24608029e-01  2.13275285e-01 -2.08829375e-12 -1.38963428e-12 -1.64989998e-05
    1.90002508e-12  1.55820110e-12  2.64218239e-05 -3.20726016e-01  1.94117324e-01  1.71149936e-12
   -3.31643018e-02  3.04907054e-02  1.88272299e-13  3.53890318e-01  2.55098735e-01 -2.23477340e-01
   -1.25948844e-12 -3.04907054e-02  1.02020552e-02 -1.68571142e-13 -2.24608029e-01  2.13275285e-01
    2.02387462e-12 -1.24344016e-12 -1.64989978e-05 -1.24094591e-13 -1.84618516e-13 -9.92282414e-06
   -1.89977612e-12  1.42805687e-12  2.64218219e-05
$end
