$control
task=optimize
task=hessian
theory=dft
basis=b2n.in
$end


$molecule
 z-matrix
   6
   1    1    1.10263006
   1    1    1.10263487    2    107.485117
   1    1    1.10265818    2    107.468649    3    115.410776
   6    1    1.53414109    2    111.398882    3   -122.306768
   1    5    1.10262231    1    111.372110    2     59.989564
   1    5    1.10261901    1    111.368486    2    -59.979817
   1    5    1.10259242    1    111.391297    2   -179.995220
$end
 Energy =    -79.7274852378
$Energy
 E=-7.9727485237849e+01
 D= 4.78417360e-05  7.99796436e-05 -2.70492659e-05
 A=-2.67529469e+01
    4.00592121e-04 -2.38683883e+01
    4.57240897e-04  3.14906815e-05 -2.38674005e+01
 G=-1.32145864e-04  2.94499366e-05  4.23050966e-05
    2.21794280e-05 -5.17472634e-06 -1.63758339e-05
    2.52975534e-05 -6.08907116e-06 -1.24387251e-05
    2.56464714e-05 -1.12217408e-06 -2.62296442e-06
   -1.04105325e-05 -6.19475730e-05 -2.32256173e-05
    2.44745173e-05  2.36819365e-05  3.51081639e-06
    2.76307052e-05  2.37033146e-05  7.45532116e-06
    1.73277214e-05 -2.50164312e-06  1.39190665e-06
 Dx= 3.09197427e-02 -5.39245096e-05  8.84488371e-06
    -6.84529704e-05  4.88820610e-02 -3.05856984e-05
    -1.58970565e-05 -3.17184958e-05  4.89102267e-02
    -1.07190422e-02 -6.20573003e-02 -1.48626731e-02
    -9.21730308e-02 -1.00218106e-01 -4.25803226e-02
    -2.20566797e-02 -4.25456260e-02  6.76209231e-02
    -1.07810496e-02  4.39350055e-02 -4.63826891e-02
     6.52129890e-02 -1.12313712e-02  9.39732825e-02
    -6.88330785e-02  9.39543344e-02 -2.13517240e-02
    -1.07749391e-02  1.82028633e-02  6.12273761e-02
     2.70037800e-02  6.25273816e-02 -5.13739322e-02
     9.09073601e-02 -5.13936250e-02 -9.51943404e-02
     3.07113416e-02  5.31139927e-05 -1.51598212e-05
     2.35562726e-05  4.89113397e-02  2.95580812e-05
    -2.41896705e-05  3.11127202e-05  4.88585671e-02
    -1.06342576e-02  1.81324798e-02  6.11200056e-02
     2.70029461e-02  6.24761115e-02 -5.14233319e-02
     9.08860789e-02 -5.13704041e-02 -9.50773940e-02
    -1.06013086e-02  4.37973536e-02 -4.62665825e-02
     6.51799707e-02 -1.12426847e-02  9.39442529e-02
    -6.88157363e-02  9.38997846e-02 -2.13546959e-02
    -1.06367088e-02 -6.20099367e-02 -1.48293896e-02
    -9.21820606e-02 -1.00062705e-01 -4.25389238e-02
    -2.20480973e-02 -4.25438610e-02  6.76304648e-02
 H= 4.39333188e-01 -5.99633382e-05  5.35400998e-01  5.01153646e-05 -1.00698968e-05  5.35169658e-01
   -7.21903251e-02 -8.00265193e-02 -1.91385432e-02  8.29123439e-02 -8.19548882e-02 -2.55208259e-01
   -5.08841270e-02  8.96156977e-02  2.75471673e-01 -1.95960900e-02 -5.08889283e-02 -5.45821155e-02
    2.14298773e-02  5.58034821e-02  5.54909758e-02 -7.22515947e-02  5.66455045e-02 -5.97747771e-02
    2.77725132e-03 -6.09346133e-03  8.04095793e-03  8.29758114e-02  5.80107113e-02 -1.48827471e-01
    1.12290713e-01  9.50140664e-03 -1.73848721e-02  1.91048055e-02 -6.34306919e-02  1.58814623e-01
   -6.12246201e-02  1.12280884e-01 -1.60842452e-01  3.41093349e-03 -4.86559493e-03  4.46136739e-03
    6.69370419e-02 -1.23122899e-01  1.72016689e-01 -7.21935081e-02  2.34399982e-02  7.88666962e-02
    2.77796992e-03 -1.79837828e-03 -9.93051034e-03  2.77426941e-03 -3.91752041e-03 -9.29603387e-03
    8.29264971e-02  2.39956811e-02 -6.06455498e-02 -6.13977029e-02  1.00160807e-02 -7.17188295e-03
   -2.50097744e-02 -7.69912893e-03  5.16756509e-03  1.78944342e-02 -2.62460204e-02  6.21367199e-02
    8.07766130e-02 -6.13860153e-02 -2.49029317e-01  1.26065551e-03 -1.04261135e-03 -5.76503394e-03
    6.51654762e-03 -6.08513558e-03 -1.81006574e-02 -8.83274423e-02  6.73185862e-02  2.68713247e-01
   -1.84846036e-01 -1.28690835e-05 -6.43315638e-06 -1.26088557e-02  7.93903694e-04  1.91065726e-04
   -1.26048531e-02 -5.61911986e-04  5.93665492e-04 -1.26163778e-02 -2.32303678e-04 -7.81996812e-04
    4.39042687e-01  1.87619721e-06 -7.16422031e-02  1.80519261e-06 -3.03326291e-02  1.41072216e-03
    5.63346743e-04  2.14444367e-02  2.41300126e-04 -1.24455977e-03  8.88240748e-03 -7.36231518e-04
    6.80320747e-04  5.24535362e-05  5.35613606e-01 -7.92535882e-06  1.52849726e-06 -7.16221996e-02
   -7.25642534e-03  5.62015844e-04 -8.03556075e-04 -2.26334532e-02 -1.24518507e-03  3.73979342e-04
    2.98960580e-02  6.79801270e-04  1.35041755e-03 -5.18252137e-06  4.81787209e-05  5.35400622e-01
   -1.26286466e-02  8.88694734e-03  2.99085530e-02  1.46831278e-03 -5.43359009e-04 -1.94658724e-04
    1.46757117e-03  3.49653137e-04 -4.59885690e-04 -6.60020002e-03 -1.64864426e-04 -5.54933097e-04
   -7.21206693e-02  2.34399350e-02  7.88283515e-02  8.28740065e-02 -2.29862236e-04 -7.34479181e-04
    6.74412120e-04  2.22916211e-04  3.59413563e-04  5.95702656e-04  1.03617875e-04 -9.43423955e-05
   -3.34868185e-04 -1.65416222e-04  9.84995205e-04  2.54946317e-04  2.40155078e-02 -6.07023405e-02
   -6.14816493e-02 -2.62569723e-02  6.21747934e-02 -7.75831705e-04  6.77279357e-04  1.34166583e-03
    5.32249148e-04  3.60042056e-04  3.06756855e-04  5.67028331e-04 -9.84551262e-05  7.59305122e-04
   -5.54642172e-04  2.54560471e-04  1.76577005e-03  8.07448351e-02 -6.14838658e-02 -2.49133375e-01
   -8.82974676e-02  6.74016657e-02  2.68795849e-01 -1.26292990e-02  2.14595013e-02 -2.26515327e-02
    1.46770577e-03 -5.73140032e-04 -7.27318362e-05 -6.59944076e-03 -3.98996638e-04  4.19953389e-04
    1.46899049e-03  1.03481482e-04  5.68685671e-04 -7.21068455e-02  5.65487414e-02 -5.96841729e-02
    2.77369311e-03 -7.70162057e-03  6.52289263e-03  8.28565388e-02 -5.56736149e-04  2.37698583e-04
   -1.23825271e-03  4.39543923e-04  7.33925094e-04 -3.78931397e-04 -3.98099824e-04  1.35051707e-03
   -4.65393830e-04  3.48357782e-04 -9.39974608e-05 -9.90882354e-05  5.79184367e-02 -1.48916724e-01
    1.12363870e-01 -3.91641043e-03  5.16976322e-03 -6.08459321e-03 -6.33384291e-02  1.58891072e-01
    5.88397725e-04 -1.23554723e-03  3.67272603e-04 -3.73110873e-04 -1.43472583e-04 -6.79555514e-05
    4.19530655e-04 -4.65386356e-04  1.39996387e-03 -4.59186128e-04 -3.34546016e-04  7.59955801e-04
   -6.11296975e-02  1.12356762e-01 -1.60971941e-01 -9.29814982e-03  1.78849154e-02 -1.80928108e-02
    6.68490732e-02 -1.23195997e-01  1.72141061e-01 -1.26129595e-02 -3.03325680e-02 -7.25415063e-03
   -6.59801227e-03  5.63055168e-04  1.34348341e-04  1.46740008e-03  4.40633128e-04 -3.73951273e-04
    1.46873527e-03  2.24329427e-04  5.32580900e-04 -7.21582459e-02 -8.00373642e-02 -1.91372521e-02
    2.77231662e-03  1.00090763e-02  1.25165401e-03  2.77502623e-03  9.49669538e-03  3.41013453e-03
    8.28921806e-02  7.93179521e-04  1.41783451e-03  5.63220322e-04  5.63754889e-04  1.79050078e-03
    2.10673134e-04 -5.72353764e-04  7.33111455e-04 -1.42832358e-04 -5.43501415e-04  3.58161338e-04
    3.59452119e-04 -8.19732196e-02 -2.55269560e-01 -5.09285578e-02 -1.79500144e-03 -7.15802441e-03
   -1.02618127e-03 -6.09971396e-03 -1.73718216e-02 -4.86755920e-03  8.96363937e-02  2.75501017e-01
    1.89339901e-04  5.60866650e-04 -8.03945437e-04  1.34424845e-04  2.10643795e-04  9.59298580e-04
   -7.26883354e-05 -3.79289123e-04 -6.76744372e-05 -1.95186938e-04  5.95096422e-04  3.06791707e-04
   -1.96062575e-02 -5.09219857e-02 -5.45953834e-02 -9.93205674e-03 -2.49946692e-02 -5.74198591e-03
    8.04802080e-03  1.90975523e-02  4.46497953e-03  2.14366964e-02  5.58321611e-02  5.54776541e-02
$end
