$control
task=optimize
task=hessian
theory=dft
basis=b2n.in
$end


$molecule
 z-matrix
   6
   1    1    1.11225494
   1    1    1.10319130    2    107.260520
   1    1    1.10315129    2    107.262241    3    114.172066
   7    1    1.47171532    2    116.570497    3   -122.924582
   1    5    1.02429042    1    108.911171    2     56.727536
   1    5    1.02429321    1    108.898145    2    -57.159916
$end
 Energy =    -95.7571900496
  dipole =   0.512709 au (  1.303186 D)
$Energy
 E=-9.5757190049598e+01
 D= 3.00197282e-02 -2.50520646e-04  5.11829196e-01
 A=-2.32022660e+01
    3.02800673e-03 -2.04557849e+01
   -5.05255605e-03 -1.36823114e-04 -1.82007797e+01
 G=-5.21680978e-05 -1.45590903e-05  9.91994621e-05
    1.63180706e-05  1.49069793e-05  9.73065321e-06
    9.84474797e-06 -1.58067578e-05 -4.22919863e-05
    1.33675506e-05  1.77878975e-05 -2.47985986e-05
    7.83488823e-05  1.36514958e-05 -3.89086104e-05
   -3.62608767e-05 -9.57316481e-06  1.11224368e-05
   -2.94502770e-05 -6.40735982e-06 -1.40533568e-05
 Dx= 4.66384486e-01 -8.78207202e-04 -1.19146714e-01
    -3.46755346e-04  1.05754645e-01  1.87168874e-04
    -4.87027574e-02  3.29197860e-04  2.65061790e-01
    -9.95910487e-02  1.56660440e-04  8.08640854e-02
     4.42914947e-04  5.50867349e-02 -9.36373559e-04
     1.38693865e-01 -8.95978688e-04 -2.41929810e-01
    -1.44570949e-02  6.38999241e-02 -2.98786317e-02
     1.02172494e-01 -6.61014964e-02  7.52883295e-02
    -2.56054125e-02  8.02641435e-02  3.54391822e-02
    -1.36527117e-02 -6.35173133e-02 -2.90818798e-02
    -1.02023946e-01 -6.74411656e-02 -7.46469202e-02
    -2.46045958e-02 -7.94366218e-02  3.68467550e-02
    -5.23207363e-01  5.37827592e-04  1.86727260e-01
    -1.71366043e-04 -1.78110981e-01  5.44983886e-05
     1.89484904e-01 -5.02517868e-04 -4.72379741e-01
     9.19178528e-02 -3.05965772e-02 -4.45965233e-02
    -3.04343285e-02  7.53839676e-02 -8.67060132e-02
    -1.14509525e-01 -1.33717380e-01  1.88719684e-01
     9.18388902e-02  3.03934511e-02 -4.47078258e-02
     3.03604995e-02  7.54705699e-02  8.67595190e-02
    -1.14539629e-01  1.33959552e-01  1.88257071e-01
 H= 4.53829812e-01 -2.77461658e-05  5.58306175e-01  2.83106462e-02 -3.30847019e-05  5.05676365e-01
   -5.19413778e-02  1.43730312e-04  3.49556662e-02  6.26253365e-02  1.48201669e-04 -4.79120612e-02
   -7.78861781e-04 -1.75545143e-04  4.38041387e-02  3.43684412e-02 -7.84134011e-04 -2.61986986e-01
   -4.74547234e-02  8.74783879e-04  2.87011832e-01 -8.32130052e-02  7.89616289e-02 -4.14140654e-02
    2.55123442e-03 -3.34360419e-03  3.61665929e-04  1.02107803e-01  8.55796193e-02 -2.09019510e-01
    8.59008496e-02 -1.27220037e-03  3.42341829e-04 -5.62362259e-04 -9.45461046e-02  2.22683473e-01
   -4.45109473e-02  8.82610143e-02 -8.89817178e-02 -1.11422451e-02  2.46629886e-02 -1.34358322e-02
    4.46375408e-02 -9.36773635e-02  9.22496803e-02 -8.29271518e-02 -7.90639617e-02 -4.06311871e-02
    2.52885759e-03  3.35759085e-03  3.53004502e-04  5.53443928e-03  9.63456429e-03  6.18599935e-03
    1.01738021e-01 -8.57478464e-02 -2.10770223e-01 -8.51009736e-02  1.18609906e-03  1.63611214e-04
    4.65514359e-04 -9.55194659e-03 -1.88574740e-02 -1.05128185e-02  9.46942965e-02  2.24572119e-01
   -4.36774653e-02 -8.74550764e-02 -8.76647222e-02 -1.11079885e-02 -2.47736024e-02 -1.32334800e-02
    6.25309937e-03  1.07135515e-02  4.95654142e-03  4.37536029e-02  9.27897910e-02  9.08020047e-02
   -1.93492329e-01  1.01392813e-05  5.29506261e-02 -1.97126305e-02 -9.32991975e-08  1.06005539e-02
   -2.09117064e-02  9.07437913e-04  3.51589650e-03 -2.08203378e-02 -8.81414363e-04  3.48724182e-03
    4.78176146e-01  6.54110094e-05 -9.34915125e-02  2.09513344e-05  1.05789801e-04  3.51407391e-03
   -2.23696053e-06  2.94150699e-02  2.04452570e-03 -8.28121604e-03 -2.95267564e-02  2.05768174e-03
    8.28492809e-03  1.87277342e-07  6.38894494e-01  1.98000989e-03 -1.97090638e-05 -6.27275141e-02
    3.45307778e-02  8.45653607e-06 -1.66715079e-03 -9.11204982e-03 -1.75179677e-03  4.67892807e-03
   -8.99985217e-03  1.73639558e-03  4.60074366e-03  1.10282283e-01 -5.42813604e-05  2.32585548e-01
   -2.11237490e-02 -3.26265860e-02 -1.70473389e-02  1.99073148e-03 -1.35470408e-04  8.81866202e-04
    9.35311589e-04  6.27322937e-04 -6.97302883e-04 -7.01757245e-03  9.32430198e-04  1.99246019e-03
   -1.11678817e-01 -1.10148798e-01 -6.43364097e-02  1.30080962e-01  7.02345683e-04  1.44017642e-03
   -2.09854609e-03  1.55311020e-03  5.59627341e-05  3.98636224e-04 -1.63087677e-04  4.86797765e-04
    1.81484639e-04  7.54880462e-04  2.32690223e-03  6.22663526e-04 -1.15080538e-01 -2.76513152e-01
   -1.12281660e-01  1.26800708e-01  2.99611530e-01  1.17862528e-02  8.05912305e-03 -2.14846473e-03
    9.19954898e-05  1.50659991e-03  1.66757912e-03 -7.96277048e-04 -3.48436684e-04 -1.50010236e-05
    1.31775815e-04  2.84826311e-04  5.47201503e-04 -9.04170613e-02 -1.56499520e-01 -8.87161258e-02
    7.18742544e-02  1.30099344e-01  8.71282064e-02 -2.11295581e-02  3.26030939e-02 -1.71066764e-02
    1.96057242e-03  1.48883209e-04  8.78532889e-04 -7.00668417e-03 -9.25632826e-04  2.00756551e-03
    9.61035544e-04 -6.36886372e-04 -7.04527393e-04 -1.11571127e-01  1.10089248e-01 -6.43448543e-02
    6.81847410e-03 -1.45642716e-02  7.32910284e-03  1.29972698e-01 -7.19972830e-04  1.44849368e-03
    2.08968840e-03 -1.54098175e-03  3.13886266e-05 -3.90213100e-04 -7.72028941e-04  2.31936479e-03
   -6.34318827e-04  1.49444716e-04  5.06875932e-04 -1.82037318e-04  1.15044272e-01 -2.76512388e-01
    1.12362596e-01  1.45518787e-02 -2.74050725e-02  1.68988382e-02 -1.26715911e-01  2.99614464e-01
    1.17429277e-02 -8.02810843e-03 -2.16799307e-03  1.26130665e-04 -1.50036517e-03  1.64431254e-03
    7.03274313e-05 -2.75577636e-04  5.47806756e-04 -7.93121098e-04  3.38376256e-04 -7.90618338e-06
   -9.04149054e-02  1.56531338e-01 -8.87518843e-02  7.33019001e-03 -1.69236198e-02  1.53532508e-03
    7.19385606e-02 -1.30142820e-01  8.71990438e-02
$end
