$control
task=optimize
task=hessian
theory=dft
basis=b2n.in
$end


$molecule
 z-matrix
   6
   1    1    1.10898160
   1    1    1.10897004    2    107.698696
   1    1    1.10098218    2    107.439405    3    115.470642
   8    1    1.42520642    2    113.419185    3   -126.364450
   1    5    0.96956856    1    107.249722    2     61.687658
$end
 Energy =   -115.6199545564
  dipole =   0.619591 au (  1.574856 D)
$Energy
 E=-1.1561995455641e+02
 D=-8.38496215e-02  6.13891425e-01  9.06846107e-06
 A=-1.92968392e+01
   -2.46898197e-01 -1.65304485e+01
    4.36950265e-04 -1.59038041e-04 -1.51060234e+01
 G= 6.13749043e-05 -1.57786925e-05 -1.13561981e-05
   -1.80375998e-05 -4.41903633e-06 -1.37783009e-05
   -1.66471299e-05 -8.25782451e-08  1.91263705e-05
   -2.40439067e-05  2.33838915e-05  2.67111028e-06
    1.58202677e-05  2.25728027e-05  7.71752672e-06
   -1.84665356e-05 -2.56763871e-05 -4.38050852e-06
 Dx= 6.66002246e-01 -1.62553427e-01 -1.77161468e-04
    -1.65206864e-01  2.66222556e-01  9.35199663e-06
    -8.29604312e-05 -3.52547107e-05  3.25759261e-01
    -3.62779754e-02  3.76457682e-02  3.19081030e-02
     7.92467208e-02 -2.98308575e-02 -1.21156418e-01
     5.69543426e-02 -1.24379412e-01 -1.30619598e-01
    -3.62097275e-02  3.75989370e-02 -3.17326851e-02
     7.92585423e-02 -3.02096612e-02  1.21352502e-01
    -5.67197531e-02  1.24551369e-01 -1.30188845e-01
    -3.37823832e-02 -7.77192849e-02 -1.04845563e-04
    -1.03966266e-01 -5.56255513e-02 -1.67677418e-04
    -1.34461003e-04 -1.67876936e-04  8.64119830e-02
    -8.06462393e-01  2.26900879e-01  1.36801013e-04
     1.73030680e-01 -2.79893837e-01  8.09682189e-06
     5.09350277e-06  1.09693055e-04 -4.98473673e-01
     2.46222620e-01 -6.17368171e-02 -3.02177172e-05
    -6.20213359e-02  1.29277118e-01 -4.58933752e-05
    -2.20835535e-05 -7.86027134e-05  3.47158401e-01
 H= 4.69135866e-01  5.12682772e-02  5.40834933e-01  1.42937797e-05  3.31243930e-06  5.15079837e-01
   -5.16240916e-02  1.48465783e-02  2.57455990e-02  6.25184808e-02  1.81192810e-02 -1.14660009e-01
   -1.02725954e-01 -2.91332904e-02  1.23283677e-01  2.75875969e-02 -1.04376444e-01 -2.06290194e-01
   -3.51934821e-02  1.16430395e-01  2.18954489e-01 -5.15960465e-02  1.48338530e-02 -2.56240416e-02
    3.16029606e-03 -3.11710944e-03  1.48100707e-03  6.24706403e-02  1.81145472e-02 -1.15045891e-01
    1.02916396e-01 -3.10510080e-03  9.03680809e-03 -1.38442359e-02 -2.91270475e-02  1.23713067e-01
   -2.74625266e-02  1.04570245e-01 -2.05961932e-01 -1.47155194e-03  1.38982556e-02 -2.13595735e-02
    3.50447407e-02 -1.16636268e-01  2.18591536e-01 -1.32304626e-01 -1.16664608e-01 -1.32706980e-04
    4.19952016e-03  2.43010505e-03 -6.07479581e-04  4.19070699e-03  2.42092286e-03  6.14589590e-04
    1.62549796e-01 -1.29193804e-01 -2.12428432e-01 -1.89896763e-04 -8.47105831e-03 -1.22073360e-02
    9.58348789e-04 -8.49690137e-03 -1.22405353e-02 -9.87905610e-04  1.31327451e-01  2.21096972e-01
   -1.45820062e-04 -1.90614233e-04 -4.40100364e-02 -1.49483893e-02 -2.06780539e-02 -9.05259434e-05
    1.49385570e-02  2.06559117e-02 -4.35390437e-05  1.51547666e-04  2.04118649e-04  4.22280215e-02
   -1.99151277e-01  6.79263816e-02  3.48621823e-06 -2.06630008e-02  1.22144493e-02  5.35000301e-03
   -2.06422614e-02  1.22071914e-02 -5.34003284e-03 -3.29778570e-02  1.03287901e-02  1.33523952e-06
    4.85228313e-01  2.17628278e-02 -1.06357233e-01 -5.63883793e-06  2.43275082e-02 -5.69867218e-03
    6.74089277e-04  2.43700112e-02 -5.71478279e-03 -6.85901886e-04 -2.18784149e-02  1.46695183e-02
    8.12369062e-06  1.48724134e-01  4.31094761e-01  1.14770577e-05 -2.34096010e-06 -5.84983684e-02
    2.53963220e-02 -8.49542637e-03  8.42489961e-03 -2.53733300e-02  8.48085995e-03  8.41100703e-03
   -1.76585675e-05  1.41544477e-05  1.79273733e-03  7.48743074e-06  4.17670190e-05  4.32067380e-02
   -3.44642180e-02 -3.22072585e-02 -6.62716987e-06  2.40972922e-03 -5.15839769e-04  1.37959225e-03
    2.41759287e-03 -5.12921729e-04 -1.38246221e-03 -5.65472866e-03  4.50693610e-03  2.77190173e-06
   -2.11785140e-01 -1.97286751e-01 -2.42903059e-05  2.47067705e-01  1.99306856e-02  7.65288278e-03
    1.77897353e-06  1.53451887e-03  2.47133474e-04  1.60265588e-04  1.53635151e-03  2.52940947e-04
   -1.60841987e-04  2.36424029e-03  1.11046312e-03  5.14502611e-07 -2.51404649e-01 -3.28002311e-01
   -3.90203806e-05  2.26019714e-01  3.18747502e-01 -5.01663442e-06 -4.16661184e-06 -3.21074917e-04
    4.70544917e-04  1.57195915e-03  3.62147085e-04 -4.65980382e-04 -1.57383282e-03  3.63730927e-04
   -8.29197609e-06  1.18253732e-06  1.22634763e-04 -2.22807755e-05 -3.24429287e-05 -3.33547511e-03
    3.10173052e-05  3.73069370e-05  2.80650484e-03
$end
