$control
task=optimize
task=hessian
theory=dft
basis=b2n.in
$end


$molecule
 z-matrix
   7
   1    1    1.02678475
   1    1    1.02678557    2    104.128517
   1    1    1.02678557    2    104.128518    3    108.841423
$end
 Energy =    -56.5035701800
  dipole =   0.670473 au (  1.704185 D)
$Energy
 E=-5.6503570180006e+01
 D=-1.48150929e-08  7.45246232e-06  6.70472894e-01
 A=-1.05166073e+01
    4.54263462e-08 -1.05165100e+01
    1.53679897e-08 -1.73884197e-05 -7.95390711e+00
 G=-5.57923466e-09 -5.56159264e-06 -7.55992256e-05
   -2.76110587e-08 -4.12268238e-05  1.87550091e-05
    3.63338059e-05  2.33839677e-05  2.84149750e-05
   -3.63006156e-05  2.34044487e-05  2.84292415e-05
 Dx=-2.84239650e-01  9.95238264e-08  4.35067804e-08
    -6.02586312e-08 -2.84235702e-01 -1.62084126e-05
    -2.22220488e-08  3.09361531e-07 -4.73851558e-01
     1.53827278e-01  3.19512382e-05  2.96540142e-05
     3.20286325e-05  3.56721567e-02 -1.09736207e-01
     4.52027593e-05 -1.67002456e-01  1.57941751e-01
     6.52339315e-02 -5.11735981e-02  9.50298312e-02
    -5.11672628e-02  1.24254055e-01  5.49019138e-02
     1.44599524e-01  8.35402544e-02  1.57954899e-01
     6.51784404e-02  5.11415474e-02 -9.50595287e-02
     5.11352944e-02  1.24309490e-01  5.48505014e-02
    -1.44644705e-01  8.34618919e-02  1.57954908e-01
 H= 5.83794725e-01 -1.60659621e-07  5.83632338e-01 -9.76050781e-08  2.76802344e-06  2.41962828e-01
   -5.33457764e-02  7.69754440e-05  3.28409660e-05  5.55904110e-02  7.65599458e-05 -3.35768064e-01
   -1.20914984e-01 -8.62623843e-05  3.73536238e-01  4.81219447e-05 -1.76471457e-01 -8.06295889e-02
   -3.87036825e-05  1.41840329e-01  8.01634754e-02 -2.65158427e-01 -1.22341643e-01  1.04732662e-01
   -1.11387013e-03  1.95623203e-03  2.08854498e-03  2.94016372e-01 -1.22354133e-01 -1.23998341e-01
    6.04845788e-02 -3.27031520e-02 -1.88924067e-02  1.73160033e-02  1.37730989e-01  1.35132721e-01
    1.52811868e-01  8.82756528e-02 -8.06667121e-02 -1.39439313e-02 -1.04663861e-02  2.32976002e-04
   -1.22846449e-01 -7.09507607e-02  8.02239877e-02 -2.65290522e-01  1.22264828e-01 -1.04765405e-01
   -1.13076451e-03 -1.94652959e-03 -2.09796324e-03 -2.77440750e-02  1.73262962e-02 -1.60214870e-02
    2.94165362e-01  1.22277734e-01 -1.23865933e-01  6.04276371e-02  3.27124389e-02 -1.88757672e-02
    1.73151246e-02 -1.73455779e-02  7.75802615e-03 -6.85850606e-03 -1.37644595e-01  1.34983674e-01
   -1.52859892e-01  8.81930360e-02 -8.06665274e-02  1.39497941e-02 -1.04589590e-02  2.33137529e-04
    1.60252423e-02 -6.84982143e-03  2.09748401e-04  1.22884855e-01 -7.08842556e-02  8.02236414e-02
$end
