$control
task=optimize
task=hessian
theory=dft
basis=b2n.in
$end


$molecule
 mult=3
 z-matrix
   8
   8    1    1.24093185
$end
 Energy =   -150.2289840845
$Energy
 E=-1.5022898408447e+02
 D= 8.31236276e-08 -6.40045898e-14 -3.96874971e-14
 A=-1.18048064e+01
   -2.18727933e-12 -3.08751980e+00
   -1.09507882e-11 -5.08387820e-11 -3.08751980e+00
 G=-6.72336755e-06  3.57409918e-14 -2.30594450e-13
    6.72336755e-06 -3.57409918e-14  2.30594450e-13
 Dx= 3.63364703e-06  1.20958824e-11  7.65582077e-12
     2.14019296e-08  3.74661796e-08  5.96521686e-13
     9.96155082e-09  2.11479689e-15  3.74633881e-08
    -3.63364704e-06 -1.20958807e-11 -7.65582632e-12
    -2.14019296e-08 -3.74661945e-08 -5.96522261e-13
    -9.96155081e-09 -2.11480845e-15 -3.74634024e-08
 H= 6.36026589e-01 -5.86376425e-13 -4.39863055e-06 -3.27232850e-12 -4.12635074e-11 -4.39893083e-06
   -6.36026589e-01  5.86374388e-13  3.27232758e-12  6.36026589e-01  5.86376104e-13  4.39863173e-06
    4.12634918e-11 -5.86375819e-13 -4.39863075e-06  3.27232782e-12  4.12634957e-11  4.39893018e-06
   -3.27232857e-12 -4.12634907e-11 -4.39893090e-06
$end
