$control
task=optimize
task=hessian
theory=dft
basis=b2n.in
$end


$molecule
 z-matrix
  16
   8    1    1.48672703
   8    1    1.48672701    2    118.118915
$end
 Energy =   -548.3529992189
  dipole =   0.691376 au (  1.757316 D)
$Energy
 E=-5.4835299921894e+02
 D=-7.74453617e-07 -6.91375893e-01  6.86234378e-10
 A=-2.75852678e+01
   -5.53952435e-07 -1.53923751e+01
   -3.30991367e-10 -1.17769228e-09 -1.15544737e+01
 G=-8.38898767e-08 -5.12320519e-05 -6.77325212e-11
    5.48729501e-05  2.56353839e-05  3.42523143e-11
   -5.47890602e-05  2.55966679e-05  3.34802072e-11
 Dx= 1.34875428e+00 -3.04802887e-08  1.79433529e-10
    -1.21080752e-07  8.45736023e-01  2.33244098e-10
     2.68945100e-10 -2.01353032e-10  4.78591546e-01
    -6.74377093e-01  2.52058947e-02  3.78368943e-10
    -2.60806246e-01 -4.22868109e-01 -1.75954350e-10
     4.87262365e-10  6.68980536e-11 -2.39295900e-01
    -6.74377192e-01 -2.52058642e-02 -5.57802444e-10
     2.60806367e-01 -4.22867914e-01 -5.72897614e-11
    -7.56207464e-10  1.34454927e-10 -2.39295646e-01
 H= 7.90521807e-01 -6.58995937e-08  3.90823198e-01  2.14270634e-11  3.94719676e-11  3.19591636e-05
   -3.95260855e-01 -1.93314820e-01  2.05752560e-10  4.10906493e-01 -2.36852755e-01 -1.95411579e-01
   -3.99394489e-11  2.15083791e-01  1.68683160e-01  1.54100319e-10 -4.06246593e-11 -1.59780455e-05
   -1.74194173e-10  6.11489811e-11  2.04757918e-05 -3.95260952e-01  1.93314886e-01 -2.27179619e-10
   -1.56456383e-02  2.17689640e-02  2.00938523e-11  4.10906590e-01  2.36852821e-01 -1.95411620e-01
    4.67480725e-13 -2.17689712e-02  2.67284189e-02 -2.05243245e-11 -2.15083850e-01  1.68683201e-01
   -1.75527390e-10  1.15269310e-12 -1.59811197e-05 -3.15583860e-11 -2.12095364e-11 -4.49774594e-06
    2.07085765e-10  2.00568422e-11  2.04788660e-05
$end
