$control
task=optimize
task=hessian
theory=dft
basis=b2n.in
$end


$molecule
 z-matrix
   6
   1    1    1.10009993
   1    1    1.10013515    2    109.482412
   1    1    1.10013740    2    109.484151    3    119.998546
   1    1    1.10013740    2    109.484151    3   -119.998546
$end
 Energy =    -40.4624391972
$Energy
 E=-4.0462439197178e+01
 D= 9.47257798e-05  9.74738996e-12  9.39225409e-06
 A=-1.40889400e+01
   -2.25697328e-10 -1.40885318e+01
   -3.86643297e-05 -3.86162666e-10 -1.40883372e+01
 G=-6.04376106e-05 -1.05089737e-13 -5.03076507e-06
   -7.86691887e-05  1.32018550e-13 -4.27503352e-06
    4.03181333e-05 -6.97546517e-14  7.03869045e-05
    4.93943329e-05  5.98142113e-05 -3.05405530e-05
    4.93943331e-05 -5.98142113e-05 -3.05405529e-05
 Dx=-5.92953340e-02 -3.78357594e-07  1.22213967e-05
    -3.77259209e-07 -5.93420772e-02  4.94859363e-07
    -9.93287466e-06  5.05585396e-07 -5.93414491e-02
    -1.16295147e-01  2.48062657e-07 -3.79718825e-03
     2.72177879e-07  8.04961449e-02 -3.67723877e-07
    -3.79094729e-03 -1.00570560e-06  8.04192963e-02
     6.08777270e-02 -7.35235081e-08 -5.89583172e-02
     5.20249464e-07  8.05132428e-02 -6.82553863e-07
    -5.88708510e-02 -2.30929252e-07 -9.69372247e-02
     5.73564553e-02 -5.50901503e-02  3.13715394e-02
    -5.50218073e-02 -5.08343602e-02  7.47690088e-02
     3.13359904e-02  7.47548689e-02  3.79295348e-02
     5.73837458e-02  5.51044606e-02  3.13796745e-02
     5.50247378e-02 -5.08447607e-02 -7.47749651e-02
     3.13376639e-02 -7.47605876e-02  3.79257918e-02
 H= 5.15950470e-01 -2.76091038e-10  5.15742478e-01 -3.68404239e-05  3.70761512e-10  5.15724382e-01
   -3.07353909e-01  1.81814390e-10 -5.13875367e-03  3.32230386e-01  2.02121683e-10 -3.97420897e-02
   -2.75033944e-10 -1.32346976e-10  4.06611370e-02 -5.12575739e-03 -7.51348478e-10 -3.98347832e-02
    5.59896241e-03  3.11654423e-11  4.07805106e-02 -6.63414948e-02 -5.43813606e-11 -8.00257253e-02
   -7.75080119e-03  4.17482371e-11 -2.91192262e-02  6.96503491e-02  3.81860036e-10 -3.97294794e-02
   -5.10826508e-10 -2.50549232e-10 -2.17877985e-03  1.02975963e-09  7.47346702e-11  4.06730050e-02
   -8.00553251e-02 -1.69032625e-10 -2.80760583e-01  8.94618866e-04  1.25791955e-10  1.01619934e-03
    8.72139104e-02  2.33117798e-10  3.03289244e-01 -7.11275332e-02 -7.48237396e-02  4.26006596e-02
   -8.56283800e-03 -2.50185593e-02  1.43230107e-02  2.22097346e-03  9.41786491e-03 -4.02660204e-03
    7.48708744e-02 -7.48410441e-02 -2.18135455e-01  1.01589151e-01  9.61562630e-04  6.29866798e-04
   -1.60244596e-03  1.23464049e-03  6.17627821e-04 -1.38160572e-03  8.15346375e-02  2.35048458e-01
    4.26089616e-02  1.01591266e-01 -9.75645079e-02 -6.77413866e-04 -2.09456558e-03 -9.80962631e-04
    1.09655206e-02  2.32706365e-02 -1.17724304e-02 -4.64180713e-02 -1.10686218e-01  1.03687582e-01
   -7.11253880e-02  7.48239366e-02  4.26007734e-02 -8.56462557e-03  2.50193042e-02  1.43234169e-02
    2.22078556e-03 -9.41843616e-03 -4.02664853e-03  2.59834981e-03 -8.89016803e-03 -6.47947097e-03
    7.48708819e-02  7.48405058e-02 -2.18134408e-01 -1.01588553e-01 -9.60235063e-04  6.29808456e-04
    1.60248194e-03 -1.23505511e-03  6.17621875e-04  1.38043549e-03  8.88942102e-03 -1.81614790e-02
   -1.20805814e-02 -8.15346360e-02  2.35048453e-01  4.26086561e-02 -1.01590658e-01 -9.75641854e-02
   -6.76655732e-04  2.09457856e-03 -9.81019451e-04  1.09653706e-02 -2.32706659e-02 -1.17730446e-02
   -6.47930016e-03  1.20805285e-02  6.63066780e-03 -4.64180705e-02  1.10686216e-01  1.03687580e-01
$end
