$control
task=optimize
task=hessian
theory=dft
basis=b2n.in
$end


$molecule
 z-matrix
   1
   1    1    0.75244828
$end
 Energy =     -1.1671378667
$Energy
 E=-1.1671378666856e+00
 D=-2.44894339e-12  8.18278293e-18  3.13814275e-17
 A=-6.35855813e+00
   -1.76241698e-14 -2.34981528e+00
   -2.53942361e-13  1.24900090e-16 -2.34981528e+00
 G= 8.49226152e-05  3.34666446e-17 -7.39957162e-18
   -8.49226152e-05 -3.34666446e-17  7.39957162e-18
 Dx= 3.80242691e-13 -6.97464947e-15 -1.17378420e-13
    -5.55639985e-15 -8.87348801e-13  7.09492574e-15
     3.25172910e-15  1.91160082e-15 -8.85632065e-13
    -3.79950887e-13  6.97464947e-15  1.17378420e-13
     5.55639985e-15  8.87792890e-13 -7.09492574e-15
    -3.25172910e-15 -1.91160082e-15  8.86076154e-13
 H= 3.67116171e-01  7.55348917e-16  5.51783721e-05 -5.00489489e-16  1.95312692e-18  5.51783721e-05
   -3.67116171e-01 -7.55238380e-16  5.00450738e-16  3.67116171e-01 -7.55348917e-16 -5.51783721e-05
   -2.05477088e-18  7.55348917e-16  5.51783721e-05  5.00489489e-16 -1.95312692e-18 -5.51783721e-05
   -5.00489489e-16  1.95312692e-18  5.51783721e-05
$end
