$control
task=optimize
task=hessian
theory=dft
basis=b2n.in
$end


$molecule
 z-matrix
   6
   1    1    1.09397860
   1    1    1.09397860    2    116.508638
   6    1    1.33543497    2    121.745681    3    180.000000
   1    4    1.09397860    1    121.745681    2   -180.000000
   1    4    1.09397860    1    121.745681    2     -0.000000
$end
 Energy =    -78.4977608592
$Energy
 E=-7.8497760859161e+01
 D= 4.31132702e-10  4.68987783e-12  4.47357195e-14
 A=-3.12157270e+01
   -3.85762945e-11 -2.12301181e+01
   -6.28871322e-13  3.13097078e-12 -1.11210595e+01
 G= 1.45433416e-04 -6.64959874e-15 -3.65056400e-15
   -4.97164746e-05 -1.01273346e-05  2.88772865e-16
   -4.97164746e-05  1.01273344e-05  3.10266021e-15
   -1.45433393e-04  1.17502510e-12  1.19671475e-14
    4.97164631e-05  1.01273458e-05  3.91927282e-15
    4.97164626e-05 -1.01273467e-05 -1.56277260e-14
 Dx=-2.95267999e-02 -1.30088681e-10  1.17610226e-10
    -1.60569103e-10  8.50548552e-02 -9.17984432e-13
    -3.43726801e-10 -1.85919909e-12 -2.78508612e-01
     1.47635879e-02  5.22428474e-02 -3.96163724e-11
     8.80003829e-02 -4.25274400e-02  4.03134827e-11
    -2.10650683e-11  3.03193189e-11  1.39254306e-01
     1.47635879e-02 -5.22428474e-02 -4.08678418e-11
    -8.80003828e-02 -4.25274398e-02 -4.06814971e-11
    -2.00818736e-11 -2.89671823e-11  1.39254306e-01
    -2.95652738e-02  1.43943440e-10 -1.18724949e-10
     1.80401280e-10  8.50515078e-02 -1.07489691e-12
     3.42519810e-10  8.68179642e-13 -2.78508612e-01
     1.38331901e-02  5.22122549e-02  4.28533881e-11
     8.96229332e-02 -4.24047475e-02 -4.10052618e-11
     2.10537213e-11 -3.04927322e-11  1.39218417e-01
     1.38331901e-02 -5.22122550e-02  4.15020637e-11
    -8.96229333e-02 -4.24047477e-02  4.31691876e-11
     2.05125366e-11  3.00587565e-11  1.39218417e-01
 H= 8.13072147e-01 -1.57279033e-12  6.04510665e-01 -9.25470173e-12  9.09800631e-14  1.00350399e-01
   -1.21473054e-01  1.16862766e-01  9.30864104e-12  1.30001445e-01  1.22620434e-01 -2.53471398e-01
   -1.07576989e-11 -1.32016490e-01  2.62818576e-01 -1.30047459e-12 -1.12890611e-11 -3.36240198e-02
   -4.21826834e-12  8.66575440e-12  2.28081606e-02 -1.21473054e-01 -1.16862766e-01  9.36423183e-12
    7.88868426e-03  1.23680953e-02 -3.51377338e-13  1.30001445e-01 -1.22620434e-01 -2.53471398e-01
    1.07172829e-11 -1.23680953e-02 -1.49557681e-02 -4.16714539e-12  1.32016490e-01  2.62818576e-01
   -1.17626730e-12  1.12641209e-11 -3.36240198e-02 -2.97099894e-13  4.22637364e-12  1.90858712e-03
   -4.26734610e-12 -8.68994030e-12  2.28081606e-02 -5.43448481e-01  7.14382287e-12 -2.55677096e-11
   -1.33387884e-02 -2.55313142e-03  9.12828263e-12 -1.33387884e-02  2.55313141e-03  8.98184680e-12
    8.13072226e-01 -5.44168211e-12 -1.02963423e-01 -1.47795413e-14  2.84139085e-02  2.69777656e-03
   -3.67042315e-12 -2.84139085e-02  2.69777655e-03  3.66269947e-12  1.35726130e-13  6.04510667e-01
    2.96484498e-11 -8.90713196e-14 -4.29154783e-02 -7.95667076e-12  1.77602079e-12  4.90655951e-03
   -7.90143298e-12 -1.76513874e-12  4.90655951e-03  5.25545457e-12  1.56377240e-14  1.00350399e-01
   -1.32658506e-02  2.84097905e-02  7.99649618e-12 -4.65076957e-03 -6.40947839e-04 -5.59245717e-12
    1.57021236e-03 -2.46901309e-04  2.38207784e-12 -1.21544877e-01  1.16863536e-01 -9.51944424e-12
    1.30002616e-01 -2.65811413e-03  2.70562842e-03 -1.90579313e-12 -6.48946569e-04  1.49579876e-03
    7.19510364e-12  2.35655231e-04  1.40699910e-03 -3.25810097e-12  1.22725960e-01 -2.53471337e-01
    1.12706027e-11 -1.32018087e-01  2.62820810e-01 -8.95615186e-12  3.85164437e-12  4.91173358e-03
    5.47230559e-12 -7.07266914e-12  1.24469816e-02 -2.30905449e-12 -3.13417803e-12 -8.45445733e-03
    1.08295528e-12  1.10030929e-11 -3.36210135e-02  4.43706656e-12 -9.00008325e-12  2.28081685e-02
   -1.32658505e-02 -2.84097905e-02  8.06970962e-12  1.57021236e-03  2.46901309e-04  2.35587993e-12
   -4.65076957e-03  6.40947840e-04 -5.60241170e-12 -1.21544877e-01 -1.16863536e-01 -9.48463018e-12
    7.88980438e-03  1.23665965e-02  2.72542549e-13  1.30002616e-01  2.65811414e-03  2.70562843e-03
    1.87035500e-12 -2.35655231e-04  1.40699910e-03  3.26727239e-12  6.48946568e-04  1.49579876e-03
   -7.20601320e-12 -1.22725960e-01 -2.53471337e-01 -1.12090044e-11 -1.23665965e-02 -1.49577978e-02
    4.34158921e-12  1.32018087e-01  2.62820810e-01 -8.92886254e-12 -3.82267963e-12  4.91173358e-03
   -2.30893125e-12  3.16226984e-12 -8.45445733e-03  5.46105709e-12  7.03316197e-12  1.24469816e-02
    1.09187008e-12 -1.09962119e-11 -3.36210135e-02  2.96865277e-13 -4.30136196e-12  1.90859503e-03
    4.38756081e-12  8.93539037e-12  2.28081685e-02
$end
