$control
task=optimize
task=hessian
theory=dft
basis=b2n.in
$end


$molecule
 z-matrix
   6
   1    1    1.10295018
   1    1    1.10715714    2    114.993670
   7    1    1.27358940    2    118.627801    3    179.841235
   1    4    1.03218298    3     85.322011    2   -179.997361
$end
 Energy =    -94.5391677772
  dipole =   0.719490 au (  1.828776 D)
$Energy
 E=-9.4539167777206e+01
 D= 2.11598231e-01  6.87671578e-01  2.06087156e-04
 A=-2.44602578e+01
   -1.49442645e+00 -1.75245635e+01
    4.30345157e-03  2.55700258e-03 -9.36315684e+00
 G= 7.50741102e-05 -2.16566432e-05 -2.47475264e-04
    4.97104497e-06 -3.73695289e-05  7.87894764e-05
    2.92769801e-06  8.91323001e-05  8.90520285e-05
   -1.37626555e-05 -6.10852632e-05  8.27920169e-05
   -6.92101977e-05  3.09791352e-05 -3.15825767e-06
 Dx= 4.11828967e-01 -1.60069165e-04  3.32862584e-04
     3.56757164e-02  4.45021617e-01  2.50501350e-04
     7.53654767e-04  3.15337740e-04 -9.12090198e-02
    -9.20495145e-02  8.50629960e-02 -1.22451458e-05
     1.03848372e-01 -1.10664026e-02 -6.98855930e-05
    -4.78520253e-04  5.31138703e-05  1.03191640e-01
     2.94725904e-03 -3.41875923e-02 -2.31784997e-05
    -8.44583088e-02 -2.15115868e-01  1.91500159e-05
    -2.90620520e-04 -3.90149018e-04  1.45619308e-01
    -4.53865046e-01 -1.57940022e-01 -2.87449114e-04
    -2.80632981e-01 -3.15809567e-01 -2.38436013e-04
     2.74226643e-05  1.05806576e-04 -4.13727229e-01
     1.31225398e-01  1.07060434e-01 -9.89983925e-06
     2.25567038e-01  9.71338392e-02  3.85457559e-05
    -1.27624949e-05 -8.43651115e-05  2.56344876e-01
 H= 8.24038915e-01  9.26778693e-02  6.27001973e-01 -2.06062992e-06 -7.10845708e-05  1.32913262e-01
   -1.96028764e-01  1.19732340e-01 -1.81144111e-04  2.32317348e-01  1.22969829e-01 -1.52736582e-01
    1.14055378e-04 -1.25746368e-01  1.48397027e-01 -2.49772321e-04  1.61056057e-04 -4.14063356e-02
    1.90812998e-04 -1.36560269e-04  2.47950263e-02 -6.14765604e-02 -2.21696741e-02 -5.73064612e-05
    4.59792533e-03  1.95674615e-02  1.28507952e-05  6.27176332e-02 -2.66026692e-02 -2.80184515e-01
   -1.62944796e-04 -3.10357609e-03 -1.41403513e-02 -1.72946207e-05  4.14230585e-02  3.01896101e-01
   -7.05114793e-05 -2.48612245e-04 -4.84124819e-02 -6.39958165e-06  2.13702445e-05  7.46277399e-03
    3.85438165e-05  1.90832582e-04  2.25499493e-02 -5.24113306e-01 -2.23954004e-01  2.43906249e-04
   -3.66865511e-02 -1.25736837e-02  2.86661509e-05 -1.02168145e-02 -1.06831313e-02  4.57743478e-05
    7.73870271e-01 -1.59819532e-01 -1.93130393e-01  9.98951721e-05  9.43804717e-03  1.67276331e-02
   -1.11471503e-05 -3.70063830e-02 -1.27310920e-02  4.10342868e-05  3.95566665e-02  4.03752708e-01
    2.74159783e-04  1.89917096e-04 -4.62281840e-02  5.83936228e-07 -1.26071528e-05 -8.71967457e-03
    9.35741159e-06 -2.03598855e-05  3.16323758e-02 -2.92110274e-04 -1.45120932e-04  6.11161474e-02
   -4.24038129e-02  3.36808896e-02 -3.35679046e-06 -4.21916465e-03 -4.20088135e-03  1.74088383e-05
    4.38295297e-03 -1.01724322e-03 -7.38581078e-06 -2.02856114e-01  1.47831067e-01  7.98347025e-06
    2.45096252e-01 -2.92384815e-02 -9.27210585e-04  2.00465984e-05 -3.05108969e-04  1.74009005e-03
    3.97376620e-06 -1.81836642e-03  5.14756156e-03 -4.64050266e-06  2.07655789e-01 -2.14617711e-01
   -1.18093887e-05 -1.76293915e-01  2.08657329e-01  4.82233726e-05 -3.12341606e-05  3.13589909e-03
   -3.86669838e-06  1.37516243e-05  1.78691166e-02 -3.45765891e-06  9.71829430e-06 -1.32333311e-02
   -2.62493080e-05  1.53347152e-05 -3.78030300e-02 -1.46500454e-05 -7.57014123e-06  3.00313578e-02
$end
