$control
task=optimize
task=hessian
theory=dft
basis=b2n.in
$end


$molecule
 z-matrix
  16
   1    1    1.35740405
   1    1    1.35740405    2     91.170590
$end
 Energy =   -399.2286593125
  dipole =   0.469632 au (  1.193695 D)
$Energy
 E=-3.9922865931252e+02
 D= 8.18145768e-12  4.69632327e-01  1.45168458e-12
 A=-1.88441745e+01
   -1.03460663e-11 -1.81409404e+01
    1.61667438e-11 -3.18324425e-10 -1.04476627e+01
 G=-2.56199322e-12  3.99501852e-05  6.45621871e-12
   -1.78690115e-05 -1.99750909e-05 -2.52532553e-12
    1.78690140e-05 -1.99750943e-05 -3.93089046e-12
 Dx=-8.97304639e-02  1.00389752e-11 -6.20643513e-13
     2.35622813e-13  5.65253403e-03  1.09765782e-11
    -6.89195074e-12  2.88480903e-11 -2.61604091e-01
     4.48652319e-02 -1.70428203e-02 -8.73472416e-12
    -8.41728009e-02 -2.82626702e-03 -5.61521098e-12
    -1.25838594e-11 -1.24279304e-11  1.30802045e-01
     4.48652319e-02  1.70428203e-02  9.35518810e-12
     8.41728009e-02 -2.82626701e-03 -5.36132952e-12
     1.94757452e-11 -1.64201515e-11  1.30802045e-01
 H= 2.64237867e-01 -2.40499092e-12  2.87578239e-01 -2.39360956e-13 -1.85325033e-13 -2.47173644e-05
   -1.32118933e-01 -1.02665901e-01 -2.96089500e-12  1.47413715e-01 -1.29413896e-01 -1.43789119e-01
    5.19887805e-13  1.16039898e-01  1.35286043e-01 -6.71289356e-12  5.29890693e-13  1.23586756e-05
    4.78174296e-12 -6.15555142e-13 -7.10711942e-06 -1.32118933e-01  1.02665901e-01  3.20025010e-12
   -1.52947821e-02  1.33739974e-02  1.93114895e-12  1.47413715e-01  1.29413896e-01 -1.43789119e-01
   -3.34568609e-13 -1.33739974e-02  8.50307632e-03  8.56688252e-14 -1.16039898e-01  1.35286043e-01
    6.95225003e-12 -3.44568975e-13  1.23586766e-05 -1.82084270e-12  9.56660279e-14 -5.25155619e-06
   -5.13139894e-12  2.48899695e-13 -7.10712039e-06
$end
