$control
task=optimize
task=hessian
theory=dft
basis=b2n.in
$end


$molecule
 z-matrix
   6
   1    1    1.09856646
   1    1    1.09859225    2    110.525797
   1    1    1.09971894    2    108.833467    3    119.419788
  16    1    1.84433419    2    111.263436    3   -124.110861
   1    5    1.35765156    1     95.764517    2     61.845691
$end
 Energy =   -438.4910479726
  dipole =   0.606510 au (  1.541606 D)
$Energy
 E=-4.3849104797263e+02
 D=-3.42166637e-01  5.00775476e-01 -4.94747147e-04
 A=-3.49135654e+01
    1.95400457e+00 -2.80078943e+01
   -1.16893441e-03  5.09891817e-03 -2.05496807e+01
 G= 1.10642169e-04 -1.29043100e-04  7.15179846e-05
   -3.63640900e-05  7.19629371e-05  1.33859230e-05
   -4.18958085e-05  4.69211043e-05 -3.97626294e-05
   -1.13119271e-04 -1.26588357e-05 -3.21133501e-05
    4.29999015e-05  1.68634466e-05 -1.39349542e-05
    3.77370992e-05  5.95444823e-06  9.07026177e-07
 Dx= 2.26478068e-01 -1.40682059e-01  3.58983199e-05
    -5.04418489e-02  1.58619235e-03  6.27897770e-05
     6.22807810e-05  1.99289351e-05  2.68702905e-03
    -3.36501122e-02  6.79948617e-02  3.29115322e-02
     8.86377718e-02  1.29206950e-02 -7.97310578e-02
     2.67124223e-02 -7.49145151e-02 -1.13948681e-02
    -3.36204229e-02  6.79211317e-02 -3.29699391e-02
     8.85995009e-02  1.31156704e-02  7.96743275e-02
    -2.68784193e-02  7.49474868e-02 -1.17774040e-02
    -2.83533146e-02 -5.02004072e-02  6.07075922e-05
    -4.67105555e-02  1.23847399e-03  5.11173585e-05
     1.72603364e-05  1.41376803e-05  1.05689226e-01
    -1.32505533e-01  5.08844070e-02 -3.60910636e-05
    -6.76109685e-03  3.21352247e-02 -2.11464575e-04
     1.49708893e-05 -2.22207863e-04 -2.19059395e-01
     1.11124654e-03  4.18822465e-03 -2.24932001e-06
    -7.29131231e-02 -6.10915353e-02  1.54188873e-04
     7.08856977e-05  1.54895783e-04  1.33647597e-01
 H= 3.43039469e-01  7.06897136e-02  5.02426742e-01  1.53245226e-05  2.54442770e-04  5.23680181e-01
   -3.74901129e-02  1.57726148e-02  3.13925646e-02  4.64231695e-02  1.51788575e-02 -1.23142300e-01
   -1.22399151e-01 -1.96301416e-02  1.28724540e-01  2.60507480e-02 -1.21135575e-01 -2.28141023e-01
   -2.73752355e-02  1.30548766e-01  2.40350714e-01 -3.74797066e-02  1.57095935e-02 -3.13897615e-02
    5.34710986e-04 -2.66202203e-03  1.78087960e-03  4.64310668e-02  1.51271440e-02 -1.22710321e-01
    1.22127154e-01 -2.66263771e-03  1.01890442e-02 -1.38512464e-02 -1.95678600e-02  1.28291228e-01
   -2.60474824e-02  1.20871245e-01 -2.28446886e-01 -1.77254984e-03  1.38013005e-02 -1.79202074e-02
    2.73728585e-02 -1.30281652e-01  2.40687680e-01 -1.51225841e-01 -1.35684942e-01  8.13583599e-06
    3.25723028e-03  3.25792964e-03 -5.10770181e-04  3.24933078e-03  3.24439876e-03  5.06990476e-04
    1.66958547e-01 -1.34150549e-01 -1.94388145e-01 -5.14570262e-06 -9.87106293e-03 -1.15069062e-02
    1.65084329e-03 -9.85873940e-03 -1.15030402e-02 -1.62203762e-03  1.41538557e-01  2.08678765e-01
    5.24150394e-06 -1.33169315e-05 -4.05607657e-02 -1.69697880e-02 -1.78960545e-02  5.56998855e-04
    1.69909018e-02  1.79331962e-02  5.29329921e-04 -1.35738203e-05 -1.80900532e-05  4.01669773e-02
   -1.01237150e-01  5.37970481e-02 -3.99458632e-05 -1.43157783e-02  4.23572049e-03 -4.74146220e-04
   -1.43272256e-02  4.24085400e-03  4.67326662e-04 -1.71237084e-02  8.16746600e-03 -1.09646551e-05
    2.17609080e-01  2.54000308e-02 -7.04314162e-02  2.77603962e-05  1.67779661e-02 -4.92443898e-03
    2.71435592e-03  1.67660228e-02 -4.92573710e-03 -2.69376704e-03 -1.51660094e-02  9.13371378e-03
   -6.11023485e-06  3.87785773e-02  2.74005601e-01 -1.90998259e-05  2.80890616e-05 -2.79137403e-02
    1.47398379e-02 -5.16005876e-03  5.35409640e-03 -1.47704987e-02  5.17995726e-03  5.34931416e-03
    1.10427349e-05 -6.49171354e-06 -4.04948608e-04 -2.99295570e-05 -2.02152766e-04  1.95709401e-02
   -1.56045505e-02 -2.02548973e-02  1.36620656e-05  1.59509171e-03 -3.88654268e-04  5.16195656e-04
    1.59613318e-03 -3.90188553e-04 -5.14798361e-04 -5.12642711e-03  4.16193334e-03 -1.81294238e-06
   -7.06059236e-02 -8.25579577e-02  6.86643213e-05  8.81465213e-02  7.75023540e-03  8.21561728e-03
   -5.05436089e-06 -3.90881217e-04  6.67749415e-04  8.50453408e-05 -3.91136394e-04  6.66486302e-04
   -8.72806187e-05  2.82305385e-03 -4.00043721e-04  3.71969146e-07 -1.09217923e-01 -2.02856740e-01
    1.60651264e-04  9.94278861e-02  1.93706078e-01 -4.72258299e-06 -4.88438623e-06  1.36380692e-03
   -1.43565497e-05  1.11017448e-03 -1.91628953e-04  1.51497386e-05 -1.11237472e-03 -1.90260918e-04
   -1.83642154e-06  9.10141777e-07 -2.87153241e-04  8.76702208e-05  1.59932214e-04 -1.95425048e-03
   -8.19212367e-05 -1.53752127e-04  1.25814266e-03
$end
