$control
task=optimize
task=hessian
theory=dft
basis=b2n.in
$end


$molecule
 z-matrix
   7
   7    1    1.10622432
$end
 Energy =   -109.4378379625
$Energy
 E=-1.0943783796255e+02
 D= 6.97127509e-08  1.28801932e-11 -2.91529404e-12
 A=-1.23953538e+01
   -1.74776711e-12 -5.45864361e+00
   -1.94330001e-11  1.31306299e-10 -5.45864361e+00
 G=-2.89764204e-05  2.64039686e-13  3.98421014e-12
    2.89764204e-05 -2.64039686e-13 -3.98421014e-12
 Dx=-2.13974699e-07  2.40579036e-10 -5.85023220e-09
    -2.55783604e-09  4.30450772e-08 -2.75623393e-12
     6.33973327e-08 -2.72616812e-12  4.30391049e-08
     2.13974712e-07 -2.40579038e-10  5.85023218e-09
     2.55783604e-09 -4.30450671e-08  2.75622751e-12
    -6.33973327e-08  2.72617046e-12 -4.30390948e-08
 H= 1.43714218e+00 -3.43165269e-12 -1.00461400e-05 -5.79311049e-12  1.52155711e-11 -1.00461396e-05
   -1.43714218e+00  3.43165136e-12  5.79311360e-12  1.43714218e+00  3.43165335e-12  1.00461399e-05
   -1.52155995e-11 -3.43165400e-12 -1.00461418e-05  5.79311567e-12 -1.52156040e-11  1.00461385e-05
   -5.79311850e-12  1.52155915e-11 -1.00461381e-05
$end
