$control
task=optimize
task=hessian
theory=dft
basis=b2n.in
$end


$molecule
 mult=2
 z-matrix
   7
   8    1    1.16706723
$end
 Energy =   -129.7973338561
  dipole =   0.027064 au (  0.068790 D)
$Energy
 E=-1.2979733385609e+02
 D=-2.70637059e-02  1.78270980e-07 -2.04555333e-07
 A=-1.14265383e+01
    2.14897802e-08 -4.66900166e+00
   -1.76584456e-07  1.76343421e-01 -4.27866359e+00
 G=-9.31497211e-06  5.84354381e-09 -5.22523684e-09
    9.31497211e-06 -5.84354381e-09  5.22523684e-09
 Dx= 4.00337907e-01 -1.08521370e-08 -4.14297574e-09
    -3.03647138e-08 -1.22668317e-02  1.97128383e-05
    -3.91197055e-08  2.85482284e-05 -1.22093223e-02
    -4.00337907e-01  1.08521370e-08  4.14297573e-09
     3.03647138e-08  1.22668317e-02 -1.97128383e-05
     3.91197055e-08 -2.85482284e-05  1.22093223e-02
 H= 9.46517491e-01  1.81244011e-08  1.06004512e-06 -4.94075571e-08  1.24477077e-06  1.92943244e-06
   -9.46517491e-01 -1.81244011e-08  4.94075571e-08  9.46517491e-01 -1.81244011e-08 -1.06004476e-06
   -1.24477077e-06  1.81244011e-08  1.06004595e-06  4.94075571e-08 -1.24477077e-06 -1.92943288e-06
   -4.94075571e-08  1.24477078e-06  1.92943324e-06
$end
